
[0] --> (512, 1, 1, [2], 1, [1920], 1, 16)
[0] --> (512, 1, 1, [2], 1, [1920], 1, 16)
			FAILURE ABORT ABORT!!!!!!!!!
[1] --> (512, 1, 1, [2], 1, [1920], 1, 1024)
[2] --> (512, 1, 1, [2], 1, [1920], 1, 65536)
			FAILURE ABORT ABORT!!!!!!!!!
[3] --> (512, 1, 1, [2], 1, [1920], 16, 1024)
			FAILURE ABORT ABORT!!!!!!!!!
[4] --> (512, 1, 1, [2], 1, [1920], 512, 65536)
			FAILURE ABORT ABORT!!!!!!!!!
[5] --> (512, 1, 1, [2], 2, [512, 1408], 1, 16)
[6] --> (512, 1, 1, [2], 2, [512, 1408], 1, 1024)
			FAILURE ABORT ABORT!!!!!!!!!
[7] --> (512, 1, 1, [2], 2, [512, 1408], 1, 65536)
[8] --> (512, 1, 1, [2], 2, [512, 1408], 16, 1024)
[9] --> (512, 1, 1, [2], 2, [512, 1408], 512, 65536)
[10] --> (512, 1, 1, [2], 4, [24, 64, 256, 1408], 1, 16)
[11] --> (512, 1, 1, [2], 4, [24, 64, 256, 1408], 1, 1024)
[12] --> (512, 1, 1, [2], 4, [24, 64, 256, 1408], 1, 65536)
[13] --> (512, 1, 1, [2], 4, [24, 64, 256, 1408], 16, 1024)
[14] --> (512, 1, 1, [2], 4, [24, 64, 256, 1408], 512, 65536)
[15] --> (512, 1, 1, [32], 1, [2047], 1, 16)
[16] --> (512, 1, 1, [32], 1, [2047], 1, 1024)
[17] --> (512, 1, 1, [32], 1, [2047], 1, 65536)
[18] --> (512, 1, 1, [32], 1, [2047], 16, 1024)
[19] --> (512, 1, 1, [32], 1, [2047], 512, 65536)
[20] --> (512, 1, 1, [32], 2, [512, 1536], 1, 16)
[21] --> (512, 1, 1, [32], 2, [512, 1536], 1, 1024)
[22] --> (512, 1, 1, [32], 2, [512, 1536], 1, 65536)
[23] --> (512, 1, 1, [32], 2, [512, 1536], 16, 1024)
[24] --> (512, 1, 1, [32], 2, [512, 1536], 512, 65536)
[25] --> (512, 1, 1, [32], 4, [24, 64, 256, 1536], 1, 16)
[26] --> (512, 1, 1, [32], 4, [24, 64, 256, 1536], 1, 1024)
[27] --> (512, 1, 1, [32], 4, [24, 64, 256, 1536], 1, 65536)
[28] --> (512, 1, 1, [32], 4, [24, 64, 256, 1536], 16, 1024)
[29] --> (512, 1, 1, [32], 4, [24, 64, 256, 1536], 512, 65536)
[30] --> (512, 1, 1, [128], 1, [2047], 1, 16)
[31] --> (512, 1, 1, [128], 1, [2047], 1, 1024)
[32] --> (512, 1, 1, [128], 1, [2047], 1, 65536)
[33] --> (512, 1, 1, [128], 1, [2047], 16, 1024)
[30] --> (512, 1, 1, [128], 1, [2047], 1, 16)
[31] --> (512, 1, 1, [128], 1, [2047], 1, 1024)
[32] --> (512, 1, 1, [128], 1, [2047], 1, 65536)
[33] --> (512, 1, 1, [128], 1, [2047], 16, 1024)
[34] --> (512, 1, 1, [128], 1, [2047], 512, 65536)
[35] --> (512, 1, 1, [128], 2, [512, 1536], 1, 16)
[36] --> (512, 1, 1, [128], 2, [512, 1536], 1, 1024)
[37] --> (512, 1, 1, [128], 2, [512, 1536], 1, 65536)
[38] --> (512, 1, 1, [128], 2, [512, 1536], 16, 1024)
[39] --> (512, 1, 1, [128], 2, [512, 1536], 512, 65536)
[40] --> (512, 1, 1, [128], 4, [24, 64, 256, 1536], 1, 16)
[41] --> (512, 1, 1, [128], 4, [24, 64, 256, 1536], 1, 1024)
[42] --> (512, 1, 1, [128], 4, [24, 64, 256, 1536], 1, 65536)
[43] --> (512, 1, 1, [128], 4, [24, 64, 256, 1536], 16, 1024)
[44] --> (512, 1, 1, [128], 4, [24, 64, 256, 1536], 512, 65536)
[45] --> (512, 4, 4, [32, 0, 0, 0], 1, [1920], 1, 16)
			FAILURE ABORT ABORT!!!!!!!!!
[0] --> (512, 1, 1, [2], 1, [1920], 1, 16)
[1] --> (512, 1, 1, [2], 1, [1920], 1, 1024)
			FAILURE ABORT ABORT!!!!!!!!!
[2] --> (512, 1, 1, [2], 1, [1920], 1, 65536)
[3] --> (512, 1, 1, [2], 1, [1920], 16, 1024)
[4] --> (512, 1, 1, [2], 1, [1920], 512, 65536)
[5] --> (512, 1, 1, [2], 2, [512, 1408], 1, 16)
[6] --> (512, 1, 1, [2], 2, [512, 1408], 1, 1024)
[7] --> (512, 1, 1, [2], 2, [512, 1408], 1, 65536)
[8] --> (512, 1, 1, [2], 2, [512, 1408], 16, 1024)
[9] --> (512, 1, 1, [2], 2, [512, 1408], 512, 65536)
[10] --> (512, 1, 1, [2], 4, [24, 64, 256, 1408], 1, 16)
[11] --> (512, 1, 1, [2], 4, [24, 64, 256, 1408], 1, 1024)
[12] --> (512, 1, 1, [2], 4, [24, 64, 256, 1408], 1, 65536)
[13] --> (512, 1, 1, [2], 4, [24, 64, 256, 1408], 16, 1024)
[14] --> (512, 1, 1, [2], 4, [24, 64, 256, 1408], 512, 65536)
[15] --> (512, 1, 1, [32], 1, [2047], 1, 16)
[16] --> (512, 1, 1, [32], 1, [2047], 1, 1024)
[17] --> (512, 1, 1, [32], 1, [2047], 1, 65536)
[18] --> (512, 1, 1, [32], 1, [2047], 16, 1024)
[19] --> (512, 1, 1, [32], 1, [2047], 512, 65536)
[20] --> (512, 1, 1, [32], 2, [512, 1536], 1, 16)
[21] --> (512, 1, 1, [32], 2, [512, 1536], 1, 1024)
[22] --> (512, 1, 1, [32], 2, [512, 1536], 1, 65536)
[23] --> (512, 1, 1, [32], 2, [512, 1536], 16, 1024)
[24] --> (512, 1, 1, [32], 2, [512, 1536], 512, 65536)
[25] --> (512, 1, 1, [32], 4, [24, 64, 256, 1536], 1, 16)
[26] --> (512, 1, 1, [32], 4, [24, 64, 256, 1536], 1, 1024)
[27] --> (512, 1, 1, [32], 4, [24, 64, 256, 1536], 1, 65536)
[28] --> (512, 1, 1, [32], 4, [24, 64, 256, 1536], 16, 1024)
[29] --> (512, 1, 1, [32], 4, [24, 64, 256, 1536], 512, 65536)
[30] --> (512, 1, 1, [128], 1, [2047], 1, 16)
[31] --> (512, 1, 1, [128], 1, [2047], 1, 1024)
[32] --> (512, 1, 1, [128], 1, [2047], 1, 65536)
[33] --> (512, 1, 1, [128], 1, [2047], 16, 1024)
[34] --> (512, 1, 1, [128], 1, [2047], 512, 65536)
[35] --> (512, 1, 1, [128], 2, [512, 1536], 1, 16)
[36] --> (512, 1, 1, [128], 2, [512, 1536], 1, 1024)
[37] --> (512, 1, 1, [128], 2, [512, 1536], 1, 65536)
[38] --> (512, 1, 1, [128], 2, [512, 1536], 16, 1024)
[39] --> (512, 1, 1, [128], 2, [512, 1536], 512, 65536)
[40] --> (512, 1, 1, [128], 4, [24, 64, 256, 1536], 1, 16)
[41] --> (512, 1, 1, [128], 4, [24, 64, 256, 1536], 1, 1024)
[42] --> (512, 1, 1, [128], 4, [24, 64, 256, 1536], 1, 65536)
[43] --> (512, 1, 1, [128], 4, [24, 64, 256, 1536], 16, 1024)
[44] --> (512, 1, 1, [128], 4, [24, 64, 256, 1536], 512, 65536)
[45] --> (512, 4, 4, [32, 0, 0, 0], 1, [1920], 1, 16)
[46] --> (512, 4, 4, [32, 0, 0, 0], 1, [1920], 1, 1024)
[47] --> (512, 4, 4, [32, 0, 0, 0], 1, [1920], 1, 65536)
[48] --> (512, 4, 4, [32, 0, 0, 0], 1, [1920], 16, 1024)
[49] --> (512, 4, 4, [32, 0, 0, 0], 1, [1920], 512, 65536)
[50] --> (512, 4, 4, [32, 0, 0, 0], 2, [512, 1408], 1, 16)
[51] --> (512, 4, 4, [32, 0, 0, 0], 2, [512, 1408], 1, 1024)
[52] --> (512, 4, 4, [32, 0, 0, 0], 2, [512, 1408], 1, 65536)
[53] --> (512, 4, 4, [32, 0, 0, 0], 2, [512, 1408], 16, 1024)
[54] --> (512, 4, 4, [32, 0, 0, 0], 2, [512, 1408], 512, 65536)
[55] --> (512, 4, 4, [32, 0, 0, 0], 4, [24, 64, 256, 1408], 1, 16)
[56] --> (512, 4, 4, [32, 0, 0, 0], 4, [24, 64, 256, 1408], 1, 1024)
[57] --> (512, 4, 4, [32, 0, 0, 0], 4, [24, 64, 256, 1408], 1, 65536)
[58] --> (512, 4, 4, [32, 0, 0, 0], 4, [24, 64, 256, 1408], 16, 1024)
[59] --> (512, 4, 4, [32, 0, 0, 0], 4, [24, 64, 256, 1408], 512, 65536)
[60] --> (512, 4, 4, [64, 32, 16, 16], 1, [2047], 1, 16)
[61] --> (512, 4, 4, [64, 32, 16, 16], 1, [2047], 1, 1024)
[62] --> (512, 4, 4, [64, 32, 16, 16], 1, [2047], 1, 65536)
[63] --> (512, 4, 4, [64, 32, 16, 16], 1, [2047], 16, 1024)
[64] --> (512, 4, 4, [64, 32, 16, 16], 1, [2047], 512, 65536)
[65] --> (512, 4, 4, [64, 32, 16, 16], 2, [512, 1536], 1, 16)
[66] --> (512, 4, 4, [64, 32, 16, 16], 2, [512, 1536], 1, 1024)
[67] --> (512, 4, 4, [64, 32, 16, 16], 2, [512, 1536], 1, 65536)
[68] --> (512, 4, 4, [64, 32, 16, 16], 2, [512, 1536], 16, 1024)
[69] --> (512, 4, 4, [64, 32, 16, 16], 2, [512, 1536], 512, 65536)
[70] --> (512, 4, 4, [64, 32, 16, 16], 4, [24, 64, 256, 1536], 1, 16)
[71] --> (512, 4, 4, [64, 32, 16, 16], 4, [24, 64, 256, 1536], 1, 1024)
[72] --> (512, 4, 4, [64, 32, 16, 16], 4, [24, 64, 256, 1536], 1, 65536)
[73] --> (512, 4, 4, [64, 32, 16, 16], 4, [24, 64, 256, 1536], 16, 1024)
[74] --> (512, 4, 4, [64, 32, 16, 16], 4, [24, 64, 256, 1536], 512, 65536)
[75] --> (512, 4, 4, [96, 16, 8, 8], 1, [2047], 1, 16)
[76] --> (512, 4, 4, [96, 16, 8, 8], 1, [2047], 1, 1024)
[77] --> (512, 4, 4, [96, 16, 8, 8], 1, [2047], 1, 65536)
[78] --> (512, 4, 4, [96, 16, 8, 8], 1, [2047], 16, 1024)
[79] --> (512, 4, 4, [96, 16, 8, 8], 1, [2047], 512, 65536)
[80] --> (512, 4, 4, [96, 16, 8, 8], 2, [512, 1536], 1, 16)
[81] --> (512, 4, 4, [96, 16, 8, 8], 2, [512, 1536], 1, 1024)
[82] --> (512, 4, 4, [96, 16, 8, 8], 2, [512, 1536], 1, 65536)
[83] --> (512, 4, 4, [96, 16, 8, 8], 2, [512, 1536], 16, 1024)
[84] --> (512, 4, 4, [96, 16, 8, 8], 2, [512, 1536], 512, 65536)
[85] --> (512, 4, 4, [96, 16, 8, 8], 4, [24, 64, 256, 1536], 1, 16)
[86] --> (512, 4, 4, [96, 16, 8, 8], 4, [24, 64, 256, 1536], 1, 1024)
[87] --> (512, 4, 4, [96, 16, 8, 8], 4, [24, 64, 256, 1536], 1, 65536)
[88] --> (512, 4, 4, [96, 16, 8, 8], 4, [24, 64, 256, 1536], 16, 1024)
[89] --> (512, 4, 4, [96, 16, 8, 8], 4, [24, 64, 256, 1536], 512, 65536)
[90] --> (512, 8, 8, [16, 0, 0, 0, 0, 0, 0, 0], 1, [1920], 1, 16)
[91] --> (512, 8, 8, [16, 0, 0, 0, 0, 0, 0, 0], 1, [1920], 1, 1024)
[92] --> (512, 8, 8, [16, 0, 0, 0, 0, 0, 0, 0], 1, [1920], 1, 65536)
[93] --> (512, 8, 8, [16, 0, 0, 0, 0, 0, 0, 0], 1, [1920], 16, 1024)
[94] --> (512, 8, 8, [16, 0, 0, 0, 0, 0, 0, 0], 1, [1920], 512, 65536)
[95] --> (512, 8, 8, [16, 0, 0, 0, 0, 0, 0, 0], 2, [512, 1408], 1, 16)
[96] --> (512, 8, 8, [16, 0, 0, 0, 0, 0, 0, 0], 2, [512, 1408], 1, 1024)
[97] --> (512, 8, 8, [16, 0, 0, 0, 0, 0, 0, 0], 2, [512, 1408], 1, 65536)
[98] --> (512, 8, 8, [16, 0, 0, 0, 0, 0, 0, 0], 2, [512, 1408], 16, 1024)
[99] --> (512, 8, 8, [16, 0, 0, 0, 0, 0, 0, 0], 2, [512, 1408], 512, 65536)
[100] --> (512, 8, 8, [16, 0, 0, 0, 0, 0, 0, 0], 4, [24, 64, 256, 1408], 1, 16)
[101] --> (512, 8, 8, [16, 0, 0, 0, 0, 0, 0, 0], 4, [24, 64, 256, 1408], 1, 1024)
[102] --> (512, 8, 8, [16, 0, 0, 0, 0, 0, 0, 0], 4, [24, 64, 256, 1408], 1, 65536)
[103] --> (512, 8, 8, [16, 0, 0, 0, 0, 0, 0, 0], 4, [24, 64, 256, 1408], 16, 1024)
[104] --> (512, 8, 8, [16, 0, 0, 0, 0, 0, 0, 0], 4, [24, 64, 256, 1408], 512, 65536)
[105] --> (512, 8, 8, [64, 16, 16, 8, 8, 8, 4, 4], 1, [2047], 1, 16)
[106] --> (512, 8, 8, [64, 16, 16, 8, 8, 8, 4, 4], 1, [2047], 1, 1024)
[107] --> (512, 8, 8, [64, 16, 16, 8, 8, 8, 4, 4], 1, [2047], 1, 65536)
[108] --> (512, 8, 8, [64, 16, 16, 8, 8, 8, 4, 4], 1, [2047], 16, 1024)
[109] --> (512, 8, 8, [64, 16, 16, 8, 8, 8, 4, 4], 1, [2047], 512, 65536)
[110] --> (512, 8, 8, [64, 16, 16, 8, 8, 8, 4, 4], 2, [512, 1536], 1, 16)
[111] --> (512, 8, 8, [64, 16, 16, 8, 8, 8, 4, 4], 2, [512, 1536], 1, 1024)
[112] --> (512, 8, 8, [64, 16, 16, 8, 8, 8, 4, 4], 2, [512, 1536], 1, 65536)
[113] --> (512, 8, 8, [64, 16, 16, 8, 8, 8, 4, 4], 2, [512, 1536], 16, 1024)
[114] --> (512, 8, 8, [64, 16, 16, 8, 8, 8, 4, 4], 2, [512, 1536], 512, 65536)
[115] --> (512, 8, 8, [64, 16, 16, 8, 8, 8, 4, 4], 4, [24, 64, 256, 1536], 1, 16)
[116] --> (512, 8, 8, [64, 16, 16, 8, 8, 8, 4, 4], 4, [24, 64, 256, 1536], 1, 1024)
[117] --> (512, 8, 8, [64, 16, 16, 8, 8, 8, 4, 4], 4, [24, 64, 256, 1536], 1, 65536)
[118] --> (512, 8, 8, [64, 16, 16, 8, 8, 8, 4, 4], 4, [24, 64, 256, 1536], 16, 1024)
[119] --> (512, 8, 8, [64, 16, 16, 8, 8, 8, 4, 4], 4, [24, 64, 256, 1536], 512, 65536)
[120] --> (512, 8, 8, [128, 0, 0, 0, 0, 0, 0, 0], 1, [2047], 1, 16)
[121] --> (512, 8, 8, [128, 0, 0, 0, 0, 0, 0, 0], 1, [2047], 1, 1024)
[122] --> (512, 8, 8, [128, 0, 0, 0, 0, 0, 0, 0], 1, [2047], 1, 65536)
[123] --> (512, 8, 8, [128, 0, 0, 0, 0, 0, 0, 0], 1, [2047], 16, 1024)
[124] --> (512, 8, 8, [128, 0, 0, 0, 0, 0, 0, 0], 1, [2047], 512, 65536)
[125] --> (512, 8, 8, [128, 0, 0, 0, 0, 0, 0, 0], 2, [512, 1536], 1, 16)
[126] --> (512, 8, 8, [128, 0, 0, 0, 0, 0, 0, 0], 2, [512, 1536], 1, 1024)
[127] --> (512, 8, 8, [128, 0, 0, 0, 0, 0, 0, 0], 2, [512, 1536], 1, 65536)
[128] --> (512, 8, 8, [128, 0, 0, 0, 0, 0, 0, 0], 2, [512, 1536], 16, 1024)
[129] --> (512, 8, 8, [128, 0, 0, 0, 0, 0, 0, 0], 2, [512, 1536], 512, 65536)
[130] --> (512, 8, 8, [128, 0, 0, 0, 0, 0, 0, 0], 4, [24, 64, 256, 1536], 1, 16)
[131] --> (512, 8, 8, [128, 0, 0, 0, 0, 0, 0, 0], 4, [24, 64, 256, 1536], 1, 1024)
[132] --> (512, 8, 8, [128, 0, 0, 0, 0, 0, 0, 0], 4, [24, 64, 256, 1536], 1, 65536)
[133] --> (512, 8, 8, [128, 0, 0, 0, 0, 0, 0, 0], 4, [24, 64, 256, 1536], 16, 1024)
[134] --> (512, 8, 8, [128, 0, 0, 0, 0, 0, 0, 0], 4, [24, 64, 256, 1536], 512, 65536)
[135] --> (8, 1, 1, [2], 1, [1920], 1, 16)
[136] --> (8, 1, 1, [2], 1, [1920], 1, 1024)
[137] --> (8, 1, 1, [2], 1, [1920], 1, 65536)
[138] --> (8, 1, 1, [2], 1, [1920], 16, 1024)
[139] --> (8, 1, 1, [2], 1, [1920], 512, 65536)
[140] --> (8, 1, 1, [2], 2, [512, 1408], 1, 16)
[141] --> (8, 1, 1, [2], 2, [512, 1408], 1, 1024)
[142] --> (8, 1, 1, [2], 2, [512, 1408], 1, 65536)
[143] --> (8, 1, 1, [2], 2, [512, 1408], 16, 1024)
[144] --> (8, 1, 1, [2], 2, [512, 1408], 512, 65536)
[145] --> (8, 1, 1, [2], 4, [24, 64, 256, 1408], 1, 16)
[146] --> (8, 1, 1, [2], 4, [24, 64, 256, 1408], 1, 1024)
[147] --> (8, 1, 1, [2], 4, [24, 64, 256, 1408], 1, 65536)
[148] --> (8, 1, 1, [2], 4, [24, 64, 256, 1408], 16, 1024)
[149] --> (8, 1, 1, [2], 4, [24, 64, 256, 1408], 512, 65536)
[150] --> (8, 1, 1, [32], 1, [2047], 1, 16)
[151] --> (8, 1, 1, [32], 1, [2047], 1, 1024)
[152] --> (8, 1, 1, [32], 1, [2047], 1, 65536)
[153] --> (8, 1, 1, [32], 1, [2047], 16, 1024)
[154] --> (8, 1, 1, [32], 1, [2047], 512, 65536)
[155] --> (8, 1, 1, [32], 2, [512, 1536], 1, 16)
[156] --> (8, 1, 1, [32], 2, [512, 1536], 1, 1024)
[157] --> (8, 1, 1, [32], 2, [512, 1536], 1, 65536)
[158] --> (8, 1, 1, [32], 2, [512, 1536], 16, 1024)
[159] --> (8, 1, 1, [32], 2, [512, 1536], 512, 65536)
[160] --> (8, 1, 1, [32], 4, [24, 64, 256, 1536], 1, 16)
[161] --> (8, 1, 1, [32], 4, [24, 64, 256, 1536], 1, 1024)
[162] --> (8, 1, 1, [32], 4, [24, 64, 256, 1536], 1, 65536)
[163] --> (8, 1, 1, [32], 4, [24, 64, 256, 1536], 16, 1024)
[164] --> (8, 1, 1, [32], 4, [24, 64, 256, 1536], 512, 65536)
[165] --> (8, 1, 1, [128], 1, [2047], 1, 16)
[166] --> (8, 1, 1, [128], 1, [2047], 1, 1024)
[167] --> (8, 1, 1, [128], 1, [2047], 1, 65536)
[168] --> (8, 1, 1, [128], 1, [2047], 16, 1024)
[169] --> (8, 1, 1, [128], 1, [2047], 512, 65536)
[170] --> (8, 1, 1, [128], 2, [512, 1536], 1, 16)
[171] --> (8, 1, 1, [128], 2, [512, 1536], 1, 1024)
[172] --> (8, 1, 1, [128], 2, [512, 1536], 1, 65536)
[173] --> (8, 1, 1, [128], 2, [512, 1536], 16, 1024)
[174] --> (8, 1, 1, [128], 2, [512, 1536], 512, 65536)
[175] --> (8, 1, 1, [128], 4, [24, 64, 256, 1536], 1, 16)
[176] --> (8, 1, 1, [128], 4, [24, 64, 256, 1536], 1, 1024)
[177] --> (8, 1, 1, [128], 4, [24, 64, 256, 1536], 1, 65536)
[178] --> (8, 1, 1, [128], 4, [24, 64, 256, 1536], 16, 1024)
[179] --> (8, 1, 1, [128], 4, [24, 64, 256, 1536], 512, 65536)
[180] --> (16384, 1, 1, [2], 1, [1920], 1, 16)
[181] --> (16384, 1, 1, [2], 1, [1920], 1, 1024)
[182] --> (16384, 1, 1, [2], 1, [1920], 1, 65536)
[183] --> (16384, 1, 1, [2], 1, [1920], 16, 1024)
[184] --> (16384, 1, 1, [2], 1, [1920], 512, 65536)Hardware exception!!!
[2] --> (512, 1, 1, [2], 1, [1920], 1, 65536)
[3] --> (512, 1, 1, [2], 1, [1920], 16, 1024)Failure 2!!!
[4] --> (512, 1, 1, [2], 1, [1920], 512, 65536)Failure 2!!!
[5] --> (512, 1, 1, [2], 2, [512, 1408], 1, 16)Failure 2!!!
[1] --> (512, 1, 1, [2], 1, [1920], 1, 1024)Failure 2!!!
[2] --> (512, 1, 1, [2], 1, [1920], 1, 65536)Failure 2!!!
[3] --> (512, 1, 1, [2], 1, [1920], 16, 1024)Failure 2!!!
[4] --> (512, 1, 1, [2], 1, [1920], 512, 65536)Failure 2!!!
[5] --> (512, 1, 1, [2], 2, [512, 1408], 1, 16)Failure 2!!!
[6] --> (512, 1, 1, [2], 2, [512, 1408], 1, 1024)Failure 2!!!
[7] --> (512, 1, 1, [2], 2, [512, 1408], 1, 65536)
[8] --> (512, 1, 1, [2], 2, [512, 1408], 16, 1024)Failure 2!!!
[9] --> (512, 1, 1, [2], 2, [512, 1408], 512, 65536)Failure 2!!!
[10] --> (512, 1, 1, [2], 4, [24, 64, 256, 1408], 1, 16)Failure 2!!!
[11] --> (512, 1, 1, [2], 4, [24, 64, 256, 1408], 1, 1024)
[12] --> (512, 1, 1, [2], 4, [24, 64, 256, 1408], 1, 65536)Failure 2!!!
[13] --> (512, 1, 1, [2], 4, [24, 64, 256, 1408], 16, 1024)
[14] --> (512, 1, 1, [2], 4, [24, 64, 256, 1408], 512, 65536)
[13] --> (512, 1, 1, [2], 4, [24, 64, 256, 1408], 16, 1024)Failure 2!!!
[14] --> (512, 1, 1, [2], 4, [24, 64, 256, 1408], 512, 65536)Failure 2!!!
[11] --> (512, 1, 1, [2], 4, [24, 64, 256, 1408], 1, 1024)Failure 2!!!
[12] --> (512, 1, 1, [2], 4, [24, 64, 256, 1408], 1, 65536)Failure 2!!!
[13] --> (512, 1, 1, [2], 4, [24, 64, 256, 1408], 16, 1024)Failure 2!!!
[14] --> (512, 1, 1, [2], 4, [24, 64, 256, 1408], 512, 65536)Failure 2!!!
[11] --> (512, 1, 1, [2], 4, [24, 64, 256, 1408], 1, 1024)Hardware exception!!!
[12] --> (512, 1, 1, [2], 4, [24, 64, 256, 1408], 1, 65536)Hardware exception!!!
[13] --> (512, 1, 1, [2], 4, [24, 64, 256, 1408], 16, 1024)Failure 2!!!
[14] --> (512, 1, 1, [2], 4, [24, 64, 256, 1408], 512, 65536)Failure 2!!!